#BEAM Colour Palette Definition File
#Fri Jan 10 14:13:36 EST 2014
autoDistribute=false
color0=96,96,96
color10=32,255,0
color11=128,255,0
color12=224,255,0
color13=255,223,0
color14=255,175,0
color15=255,127,0
color16=255,79,0
color17=255,31,0
color18=235,0,0
color19=175,0,0
color1=75,0,180
color20=115,0,0
color2=39,0,216
color3=0,0,252
color4=0,58,255
color5=0,122,255
color6=0,186,255
color7=0,250,255
color8=0,255,167
color9=0,255,71
numPoints=21
sample0=0.0122838
sample10=0.239933711105553
sample11=0.26272148999499756
sample12=0.28550926888444245
sample13=0.30829704777388695
sample14=0.33108482666333183
sample15=0.3538726055527765
sample16=0.3766603844422215
sample17=0.3994481633316661
sample18=0.42223594222111077
sample19=0.44502372111055566
sample1=0.034843701100550274
sample20=0.46781150000000027
sample2=0.05763147998999506
sample3=0.08041925887943982
sample4=0.10320703776888449
sample5=0.12599481665832915
sample6=0.14878259554777393
sample7=0.17157037443721868
sample8=0.1943581533266635
sample9=0.21714593221610823
